2 1
2 2
2 3
2 4
2 5
1 5
0 5
0 6
0 7
0 8
-1 8
-2 8
-3 8
-3 9
-3 10
-3 11
-3 12
-3 13
-3 14
-4 14
-5 14
-6 14
-6 13
-6 12
-5 13
-4 13
-3 13
-2 13
-1 13
0 13
1 13
2 13
3 13
4 13
5 13
6 13
7 13
8 13
8 14
8 15
7 15
6 15
5 15
5 14
5 13
4 13
3 13
3 14
2 14
1 14
0 14
-1 14
-2 14
-2 15
-2 16
-1 16
0 16
1 16
2 16
3 16
3 17
3 18
4 18
5 18
5 17
6 17
7 17
8 17
8 18
8 19
7 19
6 19
5 19
4 19
3 19
2 19
1 19
0 19
-1 19
-2 19
-3 19
-4 19
-4 18
-4 17
-4 16
-5 16
-6 16
-6 17
-6 18
-6 19
-7 19
-8 19
-9 19
-9 18
-9 17
-9 16
