-1 0
-2 0
-3 0
-4 0
-5 0
-6 0
-7 0
-8 0
-9 0
-10 0
-11 0
-12 0
-13 0
-13 -1
-13 -2
-13 -3
-13 -4
-14 -4
-15 -4
-15 -3
-15 -2
-15 -1
-15 0
-15 1
-15 2
-15 3
-15 4
-15 5
-16 5
-17 5
-18 5
-19 5
-19 4
-19 3
-19 2
-18 2
-17 2
-16 2
-16 1
-16 0
-16 -1
-16 -2
-16 -3
-16 -4
-16 -5
-16 -6
-17 -6
-18 -6
-18 -5
-18 -4
-18 -3
-18 -2
-18 -1
-18 0
-19 0
-19 -1
-19 -2
-19 -3
-19 -4
-19 -5
-19 -6
-19 -7
-19 -8
-19 -9
-19 -10
-19 -11
-19 -12
-18 -12
-17 -12
-16 -12
-16 -13
-16 -14
-17 -14
-18 -14
-19 -14
-19 -15
-19 -16
-19 -17
-19 -18
-18 -18
-17 -18
-16 -18
-15 -18
-15 -17
-15 -16
-15 -15
-15 -14
-15 -13
-15 -12
-15 -11
-15 -10
-15 -9
-15 -8
-15 -7
-15 -6
-14 -6
-13 -6
-13 -7
-13 -8
-13 -9
