3 0
4 0
5 0
6 0
7 0
8 0
9 0
10 0
11 0
11 1
11 2
11 3
12 3
13 3
14 3
15 3
17 3
18 3
18 4
18 5
18 6
18 7
18 8
18 9
18 10
18 11
17 11
16 11
15 11
15 12
15 13
16 13
17 13
18 13
18 14
18 15
18 16
18 17
18 18
18 19
17 19
16 19
15 19
14 19
14 18
14 17
14 16
14 15
14 14
13 14
12 14
12 15
12 16
12 17
12 18
12 19
11 19
10 19
9 19
8 19
8 18
8 17
8 16
8 15
8 14
8 13
9 13
10 13
11 13
12 13
13 13
13 12
13 11
13 10
13 9
13 8
13 7
13 6
12 6
11 6
11 7
11 8
11 9
11 10
11 11
10 11
9 11
9 10
9 9
9 8
8 8
7 8
7 9
7 10
7 11
6 11
5 11
4 11
3 11
3 12
