-1 1
-1 2
-1 3
0 3
0 4
0 5
0 6
-1 6
-2 6
-3 6
-4 6
-4 7
-4 8
-4 9
-5 9
-6 9
-7 9
-8 9
-9 9
-9 8
-9 7
-8 7
-7 7
-6 7
-5 7
-5 6
-4 6
-3 6
-2 6
-1 6
-1 5
0 5
0 4
0 3
-1 3
-2 3
-3 3
-4 3
-5 3
-6 3
-7 3
-8 3
-9 3
-10 3
-10 2
-10 1
-11 1
-12 1
-12 2
-12 3
-12 4
-12 5
-12 6
-12 7
-12 8
-12 9
-12 10
-12 11
-12 12
-12 13
-12 14
-12 15
-12 16
-12 17
-12 18
-12 19
-13 19
-14 19
-15 19
-15 18
-15 17
-15 16
-15 15
-16 15
-17 15
-17 16
-17 17
-17 18
-17 19
-18 19
-19 19
-19 18
-19 17
-19 16
-19 15
-19 14
-19 13
-18 13
-17 13
-16 13
-15 13
-14 13
-13 13
-13 12
-13 11
-14 11
-15 11
-15 10
-15 9
-15 8
