2 -1
3 -1
4 -1
5 -1
6 -1
7 -1
8 -1
8 0
8 1
9 1
10 1
10 0
10 -1
10 -2
11 -2
12 -2
13 -2
14 -2
15 -2
16 -2
16 -3
16 -4
15 -4
14 -4
13 -4
12 -4
11 -4
10 -4
9 -4
8 -4
7 -4
7 -5
8 -5
9 -5
10 -5
10 -6
10 -7
9 -7
8 -7
7 -7
7 -8
8 -8
9 -8
10 -8
11 -8
12 -8
13 -8
14 -8
14 -7
14 -6
15 -6
16 -6
16 -7
16 -8
17 -8
18 -8
18 -7
18 -6
18 -5
18 -4
18 -3
18 -2
18 -1
18 0
18 1
18 2
18 3
18 4
18 5
18 6
18 7
18 8
18 9
17 9
16 9
15 9
14 9
14 8
14 7
14 6
14 5
13 5
12 5
12 6
12 7
12 8
12 9
11 9
10 9
9 9
8 9
7 9
6 9
6 8
6 7
6 6
6 5
7 5
8 5
9 5
