2 1
2 2
2 3
2 4
2 5
1 5
0 5
0 6
0 7
0 8
-1 8
-2 8
-3 8
-3 9
-3 10
-3 11
-3 12
-4 12
-4 11
-4 10
-4 9
-4 8
-4 7
-4 6
-5 6
-6 6
-6 7
-6 8
-6 9
-6 10
-7 10
-8 10
-9 10
-9 9
-9 8
-9 7
-9 6
-9 5
-9 4
-9 3
-9 2
-8 2
-7 2
-6 2
-6 3
-6 4
-5 4
-4 4
-4 3
-4 2
-4 1
-4 0
-4 -1
-4 -2
-4 -3
-3 -3
-2 -3
-2 -4
-2 -5
-3 -5
-4 -5
-4 -6
-5 -6
-6 -6
-6 -5
-6 -4
-6 -3
-6 -2
-6 -1
-6 0
-7 0
-8 0
-9 0
-9 -1
-9 -2
-9 -3
-9 -4
-9 -5
-9 -6
-9 -7
-9 -8
-9 -9
-9 -10
-8 -10
-8 -11
-8 -12
-9 -12
-9 -13
-9 -14
-9 -15
-9 -16
-9 -17
-9 -18
-8 -18
-7 -18
-6 -18
-5 -18
-4 -18
-3 -18
-2 -18
