-1 1
-2 1
-3 1
-4 1
-5 1
-6 1
-7 1
-7 2
-7 3
-7 4
-7 5
-8 5
-9 5
-9 4
-10 3
-11 3
-12 3
-12 2
-13 2
-14 2
-14 1
-13 1
-12 1
-11 1
-10 1
-9 1
-9 0
-9 -1
-10 -1
-11 -1
-12 -1
-13 -1
-14 -1
-14 -2
-14 -3
-13 -3
-12 -3
-12 -4
-12 -5
-13 -5
-14 -5
-14 -6
-13 -6
-12 -6
-12 -7
-12 -8
-13 -8
-14 -8
-14 -9
-14 -10
-13 -10
-12 -10
-12 -11
-12 -12
-13 -12
-14 -12
-14 -13
-13 -13
-12 -13
-11 -13
-11 -12
-11 -11
-11 -10
-11 -9
-11 -8
-11 -7
-11 -6
-11 -5
-11 -4
-11 -3
-10 -3
-9 -3
-9 -4
-9 -5
-9 -6
-8 -6
-7 -6
-7 -7
-7 -8
-8 -8
-9 -8
-9 -9
-9 -10
-8 -10
-7 -10
-7 -11
-7 -12
-8 -12
-9 -12
-9 -13
-8 -13
-7 -13
-6 -13
-6 -12
-5 -12
-4 -12
-4 -13
-3 -13
-3 -12
-3 -11
