2 -1
3 -1
4 -1
5 -1
6 -1
7 -1
8 -1
9 -1
10 -1
11 -1
11 0
11 1
11 2
11 3
12 3
13 3
13 2
13 1
13 0
13 -1
13 -2
13 -3
13 -4
13 -5
13 -6
13 -7
13 -8
13 -9
13 -10
13 -11
14 -11
15 -11
16 -11
17 -11
18 -11
18 -10
18 -9
18 -8
17 -8
16 -8
15 -8
14 -8
14 -7
14 -6
15 -6
16 -6
17 -6
18 -6
18 -5
18 -4
17 -4
16 -4
15 -4
14 -4
14 -3
14 -2
15 -2
16 -2
17 -2
18 -2
18 -1
18 0
18 1
17 1
16 1
15 1
14 1
14 2
14 3
15 3
16 3
17 3
18 3
18 4
18 5
18 6
18 7
18 8
18 9
18 10
18 11
17 11
16 11
15 11
15 12
15 13
16 13
17 13
18 13
18 14
18 15
18 16
18 17
18 18
18 19
17 19
16 19
15 19
14 19
14 18
