2 0
2 1
2 2
2 3
2 4
2 5
2 6
3 6
4 6
5 6
6 6
7 6
8 6
9 6
10 6
11 6
12 6
13 6
13 7
13 8
13 9
13 10
13 11
13 12
13 13
13 14
14 14
14 15
14 16
14 17
14 18
14 17
14 16
14 15
14 14
13 14
12 14
12 15
12 16
12 17
12 18
12 19
11 19
10 19
9 19
8 19
8 18
8 17
8 16
8 15
8 14
8 13
9 13
10 13
11 13
12 13
13 13
13 12
13 11
13 10
13 9
13 8
13 7
13 6
12 6
11 6
11 7
11 8
11 9
11 10
11 11
10 11
9 11
9 10
9 9
9 8
8 8
7 8
7 9
7 10
7 11
6 11
5 11
4 11
3 11
3 12
3 13
4 13
5 13
6 13
6 14
5 14
4 14
3 14
3 15
3 16
4 16
5 16
6 16
6 17
