1 1
0 1
-1 1
-2 1
-3 1
-4 1
-5 1
-5 2
-5 3
-4 3
-3 3
-2 3
-2 4
-2 5
-2 6
-3 6
-4 6
-5 6
-6 6
-6 5
-6 4
-6 3
-6 2
-6 1
-7 1
-8 1
-9 1
-10 1
-10 2
-10 3
-9 3
-8 3
-8 4
-8 5
-8 6
-9 6
-10 6
-11 6
-11 5
-11 4
-12 4
-13 4
-13 5
-13 6
-14 6
-14 5
-14 4
-14 3
-13 3
-12 3
-11 3
-11 2
-11 1
-12 1
-13 1
-14 1
-14 0
-14 -1
-14 -2
-13 -2
-12 -2
-11 -2
-11 -3
-11 -4
-12 -4
-13 -4
-14 -4
-14 -5
-14 -6
-13 -6
-13 -5
-12 -5
-11 -5
-11 -6
-10 -6
-10 -5
-9 -5
-8 -5
-8 -6
-7 -6
-6 -6
-5 -6
-5 -5
-5 -4
-6 -4
-7 -4
-8 -4
-9 -4
-10 -4
-10 -3
-10 -2
-9 -2
-8 -2
-7 -2
